province,year,monthly_case_rmse,year_total_error,peak_error,peak_month_error
10.0,2007.0,6918.6111578648015,68055.13381594793,1021.9028361471946,0.0
10.0,2008.0,354.6120229934847,3175.2301266033774,657.240201764123,4.0
10.0,2009.0,350.7436958636125,4024.6857530585003,289.92892028068627,1.0
10.0,2010.0,261.04800851263536,582.8127461730965,357.38946642301687,0.0
10.0,2011.0,235.57573790610545,899.0418387126565,60.443342255477205,4.0
10.0,2012.0,366.3350983513117,518.2008842845826,708.6042360764302,1.0
10.0,2013.0,245.27597353138887,1530.3718834400988,264.5316328602163,3.0
10.0,2014.0,461.887579527307,5275.648628383186,549.3650600174328,0.0
10.0,2015.0,1395.999524553477,9429.010689253588,4054.503488966692,0.0
10.0,2016.0,591.9870690159297,5568.823741009033,528.4986989051383,10.0
41.0,2007.0,643.9572553216324,7575.612102024585,902.409003203835,0.0
41.0,2008.0,37.77268539235164,394.3929501182695,44.40300067420533,0.0
41.0,2009.0,24.49671006295335,260.82998047821366,5.696428917323686,0.0
41.0,2010.0,82.28289956757769,688.9552359048571,183.09377176600356,0.0
41.0,2011.0,NaN,707.5853490897084,123.45572653131401,2.0
41.0,2012.0,NaN,81.82194878893017,22.38502831874854,2.0
41.0,2013.0,NaN,335.31178115236685,114.12498749443019,2.0
41.0,2014.0,NaN,510.78805861192484,87.30910941544539,4.0
41.0,2015.0,NaN,162.97778036775247,25.738438772613165,2.0
41.0,2016.0,37.686994569346595,307.5590876176949,51.93882915096506,6.0
50.0,2007.0,NaN,2380.9666899927706,267.7756771551147,0.0
50.0,2008.0,184.45384342218406,1702.5280788892333,344.70693867396756,1.0
50.0,2009.0,149.08879981132424,1698.1840261931911,215.80346761285045,1.0
50.0,2010.0,217.75996204980768,1029.8790068042172,588.7564328093013,1.0
50.0,2011.0,187.145300736406,1944.4481091384005,335.0155294795683,2.0
50.0,2012.0,79.1834080148562,628.5936764784899,171.12547498078402,0.0
50.0,2013.0,197.11880979947645,1480.809203511806,403.081720397778,1.0
50.0,2014.0,NaN,1499.8374844297375,275.671051371131,0.0
50.0,2015.0,NaN,489.3886960131481,123.57139979080108,1.0
50.0,2016.0,105.81794613909783,254.4724772847435,48.73165515413956,3.0
70.0,2007.0,83.73675781413922,722.1520782347161,84.72032429314032,4.0
70.0,2008.0,56.304595923930385,477.3944299483145,110.21037859068699,0.0
70.0,2009.0,67.31297977842229,745.8015159552626,82.4981524850254,2.0
70.0,2010.0,37.76342864698102,278.66070745011655,21.949467193695426,3.0
70.0,2011.0,36.82247595808857,344.10796311081435,64.85414842234262,1.0
70.0,2012.0,23.47599275446964,121.51438661225563,18.486014084395975,2.0
70.0,2013.0,30.158504169060468,264.3149801081272,19.419801827775274,0.0
70.0,2014.0,24.24361545606073,241.6768442794496,27.4826603438281,3.0
70.0,2015.0,104.68438992085868,975.85113836881,188.53172817761055,0.0
70.0,2016.0,73.94736968957561,803.7512900999316,77.31966580298358,7.0
90.0,2007.0,85.42546259742313,623.4205819468125,42.0915341830345,6.0
90.0,2008.0,104.58355358771432,1133.2911492239182,84.68023263648831,1.0
90.0,2009.0,119.32869791745115,1308.7796389486853,147.61544071256412,5.0
90.0,2010.0,279.3159195359109,2220.2764694608613,533.4567242457081,1.0
90.0,2011.0,243.08545342954127,2801.873660262946,275.4132263339898,6.0
90.0,2012.0,126.8001775483359,414.7940257716182,122.18673378875741,5.0
90.0,2013.0,232.54670314544768,1308.6055098110937,462.01459338242773,1.0
90.0,2014.0,155.05698907634994,1817.8168659521107,132.7594267604087,1.0
90.0,2015.0,88.8017003743775,735.9623980877682,52.467357411881494,5.0
90.0,2016.0,412.19520693698064,2248.9817268909483,986.1861102465544,5.0
